,SPX_Index,CDX_IG,CDX_HY,LevLoan_PX_Index,AAA_CLO_DM,AA_CLO_DM,A_CLO_DM,BBB_CLO_DM,BB_CLO_DM,AAA_CLO_PX_Index,AA_CLO_PX_Index,A_CLO_PX_Index,BBB_CLO_PX_Index,BB_CLO_PX_Index,AAA_CLO_YLD
SPX_Index,1,-0.571010333,-0.678423413,0.568165609,-0.189618916,-0.242683725,-0.314882718,-0.351248165,-0.511545739,0.179531087,0.270572134,0.337256459,0.312296072,0.444062687,-0.014766658
CDX_IG,-0.571010333,1,0.9654983,-0.774118827,0.771749159,0.809154881,0.824200808,0.828920903,0.846234032,-0.804187858,-0.81365576,-0.829210323,-0.842524079,-0.841926235,0.783859488
CDX_HY,-0.678423413,0.9654983,1,-0.825368523,0.744325876,0.781998748,0.778107737,0.791768606,0.866194292,-0.766341664,-0.794891853,-0.811578,-0.821515502,-0.854676421,0.681150228
LevLoan_PX_Index,0.568165609,-0.774118827,-0.825368523,1,-0.835490099,-0.860090525,-0.832990142,-0.883951172,-0.925490099,0.812760725,0.880261401,0.877148548,0.882919896,0.943687516,-0.540183924
AAA_CLO_DM,-0.189618916,0.771749159,0.744325876,-0.835490099,1,0.988584379,0.931353772,0.944933301,0.899237277,-0.982991697,-0.972315141,-0.941745508,-0.967840242,-0.940595333,0.846431742
AA_CLO_DM,-0.242683725,0.809154881,0.781998748,-0.860090525,0.988584379,1,0.944873418,0.970729391,0.907396662,-0.988046621,-0.98701445,-0.96367311,-0.985816356,-0.956184451,0.852720355
A_CLO_DM,-0.314882718,0.824200808,0.778107737,-0.832990142,0.931353772,0.944873418,1,0.958775069,0.888828423,-0.944610037,-0.955566075,-0.968621829,-0.959694322,-0.922355075,0.839784005
BBB_CLO_DM,-0.351248165,0.828920903,0.791768606,-0.883951172,0.944933301,0.970729391,0.958775069,1,0.918544772,-0.946765669,-0.961879866,-0.954398942,-0.971594951,-0.954935713,0.806611025
BB_CLO_DM,-0.511545739,0.846234032,0.866194292,-0.925490099,0.899237277,0.907396662,0.888828423,0.918544772,1,-0.878231799,-0.908306469,-0.898151669,-0.923471008,-0.977476901,0.696808691
AAA_CLO_PX_Index,0.179531087,-0.804187858,-0.766341664,0.812760725,-0.982991697,-0.988046621,-0.944610037,-0.946765669,-0.878231799,1,0.985968291,0.960694227,0.979438166,0.933784453,-0.89546306
AA_CLO_PX_Index,0.270572134,-0.81365576,-0.794891853,0.880261401,-0.972315141,-0.98701445,-0.955566075,-0.961879866,-0.908306469,0.985968291,1,0.985503865,0.99463561,0.965429735,-0.835987918
A_CLO_PX_Index,0.337256459,-0.829210323,-0.811578,0.877148548,-0.941745508,-0.96367311,-0.968621829,-0.954398942,-0.898151669,0.960694227,0.985503865,1,0.988953266,0.955866664,-0.819116344
BBB_CLO_PX_Index,0.312296072,-0.842524079,-0.821515502,0.882919896,-0.967840242,-0.985816356,-0.959694322,-0.971594951,-0.923471008,0.979438166,0.99463561,0.988953266,1,0.973833602,-0.843904483
BB_CLO_PX_Index,0.444062687,-0.841926235,-0.854676421,0.943687516,-0.940595333,-0.956184451,-0.922355075,-0.954935713,-0.977476901,0.933784453,0.965429735,0.955866664,0.973833602,1,-0.74639548
AAA_CLO_YLD,-0.014766658,0.783859488,0.681150228,-0.540183924,0.846431742,0.852720355,0.839784005,0.806611025,0.696808691,-0.89546306,-0.835987918,-0.819116344,-0.843904483,-0.74639548,1