,SPX_Index,CDX_IG,CDX_HY,LevLoan_PX_Index,AAA_CLO_DM,AA_CLO_DM,A_CLO_DM,BBB_CLO_DM,BB_CLO_DM,AAA_CLO_PX_Index,AA_CLO_PX_Index,A_CLO_PX_Index,BBB_CLO_PX_Index,BB_CLO_PX_Index,AAA_CLO_YLD
SPX_Index,1,-0.934565418,-0.928043043,0.8971947,-0.800789065,-0.813330083,-0.836695068,-0.808986237,-0.750108014,0.822999199,0.83276599,0.849601305,0.823240586,0.759843361,-0.893303346
CDX_IG,-0.934565418,1,0.897517447,-0.847534509,0.713851698,0.736866892,0.755106166,0.729436466,0.660828791,-0.735013006,-0.755624163,-0.768562745,-0.746141777,-0.678311564,0.801038854
CDX_HY,-0.928043043,0.897517447,1,-0.91832966,0.82223118,0.798859068,0.818057006,0.858295899,0.813707723,-0.835976695,-0.814425435,-0.829724506,-0.871377746,-0.831994234,0.843194495
LevLoan_PX_Index,0.8971947,-0.847534509,-0.91832966,1,-0.954064451,-0.948429095,-0.940440302,-0.946030417,-0.887270295,0.961293036,0.954594515,0.942954988,0.94954268,0.893394048,-0.949939601
AAA_CLO_DM,-0.800789065,0.713851698,0.82223118,-0.954064451,1,0.982382335,0.951075898,0.937648598,0.873799986,-0.998521339,-0.98128606,-0.945898325,-0.932944369,-0.872393168,0.954446499
AA_CLO_DM,-0.813330083,0.736866892,0.798859068,-0.948429095,0.982382335,1,0.975872851,0.942294513,0.878113638,-0.983806855,-0.999125755,-0.97044941,-0.937098199,-0.871397999,0.955252281
A_CLO_DM,-0.836695068,0.755106166,0.818057006,-0.940440302,0.951075898,0.975872851,1,0.965244751,0.929826326,-0.959567043,-0.980262426,-0.999279696,-0.964077883,-0.923136832,0.946904366
BBB_CLO_DM,-0.808986237,0.729436466,0.858295899,-0.946030417,0.937648598,0.942294513,0.965244751,1,0.977122378,-0.945471163,-0.94720751,-0.966194683,-0.999253511,-0.976274813,0.909160343
BB_CLO_DM,-0.750108014,0.660828791,0.813707723,-0.887270295,0.873799986,0.878113638,0.929826326,0.977122378,1,-0.883761432,-0.884813969,-0.931916575,-0.977400556,-0.998241756,0.842101146
AAA_CLO_PX_Index,0.822999199,-0.735013006,-0.835976695,0.961293036,-0.998521339,-0.983806855,-0.959567043,-0.945471163,-0.883761432,1,0.98456015,0.955857641,0.94192736,0.882647739,-0.964771658
AA_CLO_PX_Index,0.83276599,-0.755624163,-0.814425435,0.954594515,-0.98128606,-0.999125755,-0.980262426,-0.94720751,-0.884813969,0.98456015,1,0.976173704,0.943297672,0.879045072,-0.962909156
A_CLO_PX_Index,0.849601305,-0.768562745,-0.829724506,0.942954988,-0.945898325,-0.97044941,-0.999279696,-0.966194683,-0.931916575,0.955857641,0.976173704,1,0.966248175,0.926063196,-0.949444014
BBB_CLO_PX_Index,0.823240586,-0.746141777,-0.871377746,0.94954268,-0.932944369,-0.937098199,-0.964077883,-0.999253511,-0.977400556,0.94192736,0.943297672,0.966248175,1,0.9779448,-0.910780092
BB_CLO_PX_Index,0.759843361,-0.678311564,-0.831994234,0.893394048,-0.872393168,-0.871397999,-0.923136832,-0.976274813,-0.998241756,0.882647739,0.879045072,0.926063196,0.9779448,1,-0.839082117
AAA_CLO_YLD,-0.893303346,0.801038854,0.843194495,-0.949939601,0.954446499,0.955252281,0.946904366,0.909160343,0.842101146,-0.964771658,-0.962909156,-0.949444014,-0.910780092,-0.839082117,1